a1=[-1.3683381335635543, 2.1153390534171272, -2.7692557464976697]
a2=[-1.3857914260834976, 2.1746802479849348, -2.8041623315375563]
a3=[-1.392772743091475, 2.1397736629450477, -2.8099800957108703]

a=(a1+a2+a3)/3